Total training time for model index 0:691
Total training time for model index 0:439
Total verification time for verification index 0:87
Number of verification counterexamples: 23
Number of failed cases: 0
Verification counterexamples: [[[-0.35, 0.35], [0.35, 0.76], [-0.5, -0.25], [-0.25, 0.0]], [[-0.35, 0.35], [0.35, 0.76], [-0.25, 0.0], [-0.25, 0.0]], [[0.35, 0.76], [-1.0, 0.0], [-0.25, 0.0], [0.0, 0.25]], [[0.35, 0.76], [-1.0, 0.0], [0.0, 0.25], [0.0, 0.25]], [[-0.35, 0.35], [0.35, 0.76], [0.0, 0.25], [-0.25, 0.0]], [[-2.0, -1.59], [0.0, 1.0], [-0.25, 0.0], [-0.25, 0.0]], [[-0.35, 0.35], [0.35, 0.76], [0.0, 0.25], [0.0, 0.25]], [[0.35, 0.76], [0.0, 1.0], [0.0, 0.25], [0.0, 0.25]], [[-2.0, -1.59], [1.0, 2.0], [-0.25, 0.0], [-0.25, 0.0]], [[0.76, 1.17], [-1.0, 0.0], [0.0, 0.25], [-0.25, 0.0]], [[-0.35, 0.35], [0.76, 1.17], [0.0, 0.25], [-0.25, 0.0]], [[-1.59, -1.18], [0.0, 1.0], [-0.25, 0.0], [-0.25, 0.0]], [[-1.59, -1.18], [1.0, 2.0], [-0.25, 0.0], [-0.25, 0.0]], [[-0.76, -0.35], [-1.0, 0.0], [0.0, 0.25], [-0.25, 0.0]], [[-0.76, -0.35], [-1.0, 0.0], [0.0, 0.25], [0.0, 0.25]], [[-0.76, -0.35], [-1.0, 0.0], [0.0, 0.25], [0.25, 0.5]], [[-0.76, -0.35], [0.0, 1.0], [-0.5, -0.25], [-0.25, 0.0]], [[-0.76, -0.35], [0.0, 1.0], [-0.25, 0.0], [-0.25, 0.0]], [[-0.35, 0.35], [-0.76, -0.35], [0.0, 0.25], [0.0, 0.25]], [[-0.76, -0.35], [0.0, 1.0], [0.0, 0.25], [-0.25, 0.0]], [[-0.76, -0.35], [0.0, 1.0], [0.0, 0.25], [0.0, 0.25]], [[-0.76, -0.35], [0.0, 1.0], [0.0, 0.25], [0.25, 0.5]], [[-0.76, -0.35], [0.0, 1.0], [0.25, 0.5], [-0.25, 0.0]]]
Total training time for model index 1:103
Total training time for verification index 1:82
Number of verification counterexamples: 14
Number of failed cases: 0
Verification counterexamples: [[[0.35, 0.76], [-1.0, 0.0], [-0.25, 0.0], [0.0, 0.25]], [[-0.35, 0.35], [0.35, 0.76], [0.0, 0.25], [-0.25, 0.0]], [[0.35, 0.76], [0.0, 1.0], [-0.25, 0.0], [0.0, 0.25]], [[-0.35, 0.35], [0.35, 0.76], [0.0, 0.25], [0.0, 0.25]], [[0.35, 0.76], [0.0, 1.0], [0.0, 0.25], [0.0, 0.25]], [[0.76, 1.17], [-1.0, 0.0], [-0.25, 0.0], [0.0, 0.25]], [[0.76, 1.17], [0.0, 1.0], [-0.25, 0.0], [0.0, 0.25]], [[0.76, 1.17], [0.0, 1.0], [0.0, 0.25], [0.0, 0.25]], [[-0.35, 0.35], [1.17, 1.59], [0.0, 0.25], [-0.25, 0.0]], [[1.17, 1.59], [0.0, 1.0], [0.0, 0.25], [0.0, 0.25]], [[-0.76, -0.35], [-1.0, 0.0], [-0.25, 0.0], [0.0, 0.25]], [[1.59, 2.0], [-1.0, 0.0], [0.0, 0.25], [0.0, 0.25]], [[-0.35, 0.35], [1.59, 2.0], [0.0, 0.25], [-0.25, 0.0]], [[-1.0, -0.84], [-1.0, -0.5], [0, 0], [0, 0]]]
Total training time for model index 2:157
Total training time for verification index 2:95
Number of verification counterexamples: 21
Number of failed cases: 0
Verification counterexamples: [[[-0.35, 0.35], [0.35, 0.76], [-0.5, -0.25], [0.0, 0.25]], [[0.35, 0.76], [-1.0, 0.0], [-0.25, 0.0], [0.0, 0.25]], [[0.35, 0.76], [-1.0, 0.0], [0.25, 0.5], [0.0, 0.25]], [[-0.35, 0.35], [0.35, 0.76], [0.0, 0.25], [-0.25, 0.0]], [[-0.35, 0.35], [0.35, 0.76], [0.0, 0.25], [0.0, 0.25]], [[-2.0, -1.59], [0.0, 1.0], [0.0, 0.25], [-0.5, -0.25]], [[-2.0, -1.59], [0.0, 1.0], [0.0, 0.25], [-0.25, 0.0]], [[-2.0, -1.59], [1.0, 2.0], [-0.25, 0.0], [0.0, 0.25]], [[-2.0, -1.59], [1.0, 2.0], [0.0, 0.25], [0.0, 0.25]], [[-1.59, -1.18], [-1.0, 0.0], [0.0, 0.25], [-0.5, -0.25]], [[-0.35, 0.35], [0.76, 1.17], [-0.25, 0.0], [0.25, 0.5]], [[-0.35, 0.35], [0.76, 1.17], [0.0, 0.25], [0.25, 0.5]], [[-1.59, -1.18], [1.0, 2.0], [-0.25, 0.0], [0.0, 0.25]], [[-1.59, -1.18], [1.0, 2.0], [0.0, 0.25], [0.0, 0.25]], [[-1.18, -0.76], [1.0, 2.0], [-0.5, -0.25], [-0.25, 0.0]], [[-1.18, -0.76], [1.0, 2.0], [-0.5, -0.25], [0.0, 0.25]], [[-1.18, -0.76], [1.0, 2.0], [-0.25, 0.0], [-0.25, 0.0]], [[-1.18, -0.76], [1.0, 2.0], [-0.25, 0.0], [0.0, 0.25]], [[-0.35, 0.35], [1.59, 2.0], [-0.25, 0.0], [-0.25, 0.0]], [[-0.76, -0.35], [-1.0, 0.0], [0.0, 0.25], [-0.25, 0.0]], [[-0.35, 0.35], [1.59, 2.0], [0.0, 0.25], [-0.25, 0.0]]]
Total training time for model index 3:99
Total training time for verification index 3:92
Number of verification counterexamples: 1
Number of failed cases: 0
Verification counterexamples: [[[0.76, 1.17], [-1.0, 0.0], [0.0, 0.25], [-0.25, 0.0]]]
Total training time for model index 4:32
Total training time for verification index 4:91
Number of verification counterexamples: 1
Number of failed cases: 0
Verification counterexamples: [[[-0.76, -0.35], [-1.0, 0.0], [-0.25, 0.0], [0.0, 0.25]]]
Total training time for model index 5:34
Total training time for verification index 5:90
Number of verification counterexamples: 0
Number of failed cases: 0
Verification counterexamples: []
Total training time for model index 0:284
Total verification time for verification index 0:67
Number of verification counterexamples: 7
Number of failed cases: 0
Verification counterexamples: [[[-0.35, 0.35], [0.35, 0.76], [-0.25, 0.0], [-0.25, 0.0]], [[-0.35, 0.35], [0.35, 0.76], [0.0, 0.25], [-0.25, 0.0]], [[0.35, 0.76], [0.0, 1.0], [-0.25, 0.0], [-0.25, 0.0]], [[-1.59, -1.18], [1.0, 2.0], [-0.25, 0.0], [-0.25, 0.0]], [[-0.76, -0.35], [-1.0, 0.0], [-0.5, -0.25], [0.0, 0.25]], [[-0.76, -0.35], [-1.0, 0.0], [-0.25, 0.0], [0.0, 0.25]], [[-0.76, -0.35], [-1.0, 0.0], [0.0, 0.25], [0.0, 0.25]]]
Total training time for model index 1:59
Total training time for verification index 1:67
Number of verification counterexamples: 16
Number of failed cases: 0
Verification counterexamples: [[[0.35, 0.76], [-1.0, 0.0], [0.25, 0.5], [-0.25, 0.0]], [[-0.35, 0.35], [0.35, 0.76], [0.0, 0.25], [-0.25, 0.0]], [[-0.35, 0.35], [0.35, 0.76], [0.0, 0.25], [0.0, 0.25]], [[0.35, 0.76], [0.0, 1.0], [0.25, 0.5], [-0.25, 0.0]], [[0.35, 0.76], [0.0, 1.0], [0.25, 0.5], [0.0, 0.25]], [[-0.35, 0.35], [0.35, 0.76], [0.25, 0.5], [-0.25, 0.0]], [[-0.35, 0.35], [0.35, 0.76], [0.25, 0.5], [0.0, 0.25]], [[-0.35, 0.35], [0.76, 1.17], [0.0, 0.25], [-0.25, 0.0]], [[-0.35, 0.35], [0.76, 1.17], [0.0, 0.25], [0.0, 0.25]], [[-0.35, 0.35], [0.76, 1.17], [0.25, 0.5], [-0.25, 0.0]], [[-1.18, -0.76], [0.0, 1.0], [0.0, 0.25], [-0.25, 0.0]], [[-1.18, -0.76], [0.0, 1.0], [0.0, 0.25], [0.0, 0.25]], [[-0.76, -0.35], [-1.0, 0.0], [-0.25, 0.0], [0.0, 0.25]], [[-0.76, -0.35], [-1.0, 0.0], [0.0, 0.25], [0.0, 0.25]], [[-0.76, -0.35], [0.0, 1.0], [0.0, 0.25], [-0.25, 0.0]], [[-0.76, -0.35], [0.0, 1.0], [0.0, 0.25], [0.0, 0.25]]]
Total training time for model index 2:93
Total training time for verification index 2:70
Number of verification counterexamples: 8
Number of failed cases: 0
Verification counterexamples: [[[-0.35, 0.35], [0.35, 0.76], [-0.25, 0.0], [-0.25, 0.0]], [[0.35, 0.76], [-1.0, 0.0], [-0.25, 0.0], [0.0, 0.25]], [[0.76, 1.17], [-1.0, 0.0], [-0.25, 0.0], [0.0, 0.25]], [[-0.76, -0.35], [-1.0, 0.0], [-0.5, -0.25], [0.0, 0.25]], [[-0.35, 0.35], [-0.76, -0.35], [-0.25, 0.0], [0.0, 0.25]], [[1.59, 2.0], [-1.0, 0.0], [0.0, 0.25], [0.0, 0.25]], [[1.59, 2.0], [0.0, 1.0], [0.0, 0.25], [-0.25, 0.0]], [[1.59, 2.0], [0.0, 1.0], [0.0, 0.25], [0.0, 0.25]]]
Total training time for model index 3:43
Total training time for verification index 3:68
Number of verification counterexamples: 8
Number of failed cases: 0
Verification counterexamples: [[[-0.35, 0.35], [0.35, 0.76], [-0.25, 0.0], [-0.25, 0.0]], [[-0.35, 0.35], [0.35, 0.76], [0.0, 0.25], [-0.25, 0.0]], [[0.35, 0.76], [0.0, 1.0], [0.25, 0.5], [-0.25, 0.0]], [[0.76, 1.17], [-1.0, 0.0], [-0.25, 0.0], [0.0, 0.25]], [[-0.35, 0.35], [0.76, 1.17], [0.0, 0.25], [0.0, 0.25]], [[-0.35, 0.35], [-0.76, -0.35], [-0.25, 0.0], [0.0, 0.25]], [[-0.76, -0.35], [-1.0, 0.0], [0.0, 0.25], [0.0, 0.25]], [[-0.76, -0.35], [0.0, 1.0], [0.0, 0.25], [0.0, 0.25]]]
Total training time for model index 4:91
Total training time for verification index 4:69
Number of verification counterexamples: 2
Number of failed cases: 0
Verification counterexamples: [[[0.35, 0.76], [0.0, 1.0], [0.25, 0.5], [-0.25, 0.0]], [[-0.35, 0.35], [-0.76, -0.35], [-0.25, 0.0], [0.0, 0.25]]]
Total training time for model index 5:99
Total training time for verification index 5:70
Number of verification counterexamples: 4
Number of failed cases: 0
Verification counterexamples: [[[-0.35, 0.35], [0.35, 0.76], [-0.25, 0.0], [-0.25, 0.0]], [[0.35, 0.76], [-1.0, 0.0], [-0.25, 0.0], [0.0, 0.25]], [[0.35, 0.76], [0.0, 1.0], [-0.25, 0.0], [-0.25, 0.0]], [[-1.59, -1.18], [1.0, 2.0], [-0.25, 0.0], [-0.25, 0.0]]]
Total training time for model index 6:39
Total training time for verification index 6:68
Number of verification counterexamples: 2
Number of failed cases: 0
Verification counterexamples: [[[0.35, 0.76], [0.0, 1.0], [0.25, 0.5], [-0.25, 0.0]], [[-0.76, -0.35], [0.0, 1.0], [0.0, 0.25], [0.0, 0.25]]]
Total training time for model index 7:42
Total training time for verification index 7:68
Number of verification counterexamples: 0
Number of failed cases: 0
Verification counterexamples: []
